379
1316
2772
8828
10714
21688
61055
169603
190316
190459
206629
225840
228784
230492
237248
269604
304888
308166
316021
322605
336704
339915
345706
352355
358448
392162
401171
428081
434260
468820
472215
497699
558562
624193
734579
734693
868797
935754
964520
991101
1043910
1076416
1101687
1311967
1480499
1581463
1633204
1768626
1831358
1893609
2113386
2459470
2490651
2636058
3037813
3083536
3119721
3433416
3665703
3729831
3785674
3850857
3962837
4321915
4620842
5215517
5799200
5946970
5952035
5990433
6123179
6177153
6266056
6801343